              precision    recall  f1-score   support

        Số 0       0.99      0.97      0.98      1188
        Số 1       0.99      0.99      0.99      1359
        Số 2       0.96      0.98      0.97      1196
        Số 3       0.99      0.96      0.97      1245
        Số 4       0.95      0.99      0.97      1161
        Số 5       0.97      0.97      0.97      1053
        Số 6       1.00      0.98      0.99      1166
        Số 7       0.97      0.99      0.98      1282
        Số 8       0.97      0.98      0.97      1177
        Số 9       0.97      0.95      0.96      1173

    accuracy                           0.98     12000
   macro avg       0.98      0.97      0.97     12000
weighted avg       0.98      0.98      0.98     12000
